103 4.1e6
288 3.9e9
322 1.4e9
158 1.7e6
315 2.7e9
75 2.6e6
160 1.4e8
235 8.6e8
209 1.7e8
205 4.0e7
147.9 6.8e7
333 1.7e10
218 7.1e7
226 1.7e8
328 1.5e9
174 5.9e8
296 5.1e8
296 1.3e9
274 4.7e9
289 3.8e9
144.5 7.8e6
145 1.4e7
189 4.1e7
166.0 1.21e7
143 8.0e7
307 3.7e9
230 8.9e8
133 1.5e7
205 2.2e8
122 7.6e6
145 1.8e8
206 4.2e8
143 1.1e7
147.9 3.3e7
100 6.0e6
213 3.3e8
229 1.4e8
182 4.7e8
270 9.7e9
272 8.5e8
180 1.8e8
115 3.67e7
315 5.3e8
242 9.8e8
225 4.6e8
296 9.2e8
107.2 8.8e6
167 7.0e7
315 2.4e9
190 8.9e7
324 6.2e9
111 1.4e7
222 4.73e8
162 8.8e7
230 6.7e8
136 8.4e7
341 4.7e9
177 2.0e8
112 6.8e6
355 1.4e9
96 1.6e6
347 2.1e10
222 8.0e8
150 5.9e7
333 4.8e9
306 3.5e9
183 1.7e8
234 4.9e8
318 3.8e9
290 6.0e8
158.5 3.03e7
158.5 9.8e6
389 2.1e9
266 4.0e8
156 5.5e7
313 2.6e9
257 1.3e9
107.2 1.08e7
